# 15/15 iterations complete ✅ (84153.15s)
# Results saved to runs/train/exp
# Best fitness=0.95241 observed at iteration 10
# Best fitness metrics are {'metrics/precision(B)': 0.98942, 'metrics/recall(B)': 0.97632, 'metrics/mAP50(B)': 0.99122, 'metrics/mAP50-95(B)': 0.9481, 'val/box_loss': 0.37102, 'val/cls_loss': 0.23751, 'val/dfl_loss': 0.85229, 'fitness': 0.95241}
# Best fitness model is runs/train/train10
# Best fitness hyperparameters are printed below.

lr0: 0.01066
lrf: 0.00988
momentum: 0.88938
weight_decay: 0.00045
warmup_epochs: 3.63717
warmup_momentum: 0.88001
box: 7.8841
cls: 0.59704
dfl: 1.52442
hsv_h: 0.01474
hsv_s: 0.5951
hsv_v: 0.40185
degrees: 0.0
translate: 0.10077
scale: 0.63505
shear: 0.0
perspective: 0.0
flipud: 0.0
fliplr: 0.44332
bgr: 0.0
mosaic: 0.98881
mixup: 0.0
copy_paste: 0.0
